x <- c(2,10,1,23,56,22)
x[1]
x[-1]
x[1] <- 3
x[-1] <- 5
x<9
x[x<9] <- 1
df <- data.frame(x=1:3,y=c("A","B","C"))
df[1,1]
df[1,c(1,2)]
df[c(1,3),2]
df[c(1,3),1]
df[c(1,3),c(1,2)]
df[1,]
df$x
df$y